"damage" <-
structure(list(obs = c(1, 2, 3, 4, 5, 6, 7, 8, 9, 10, 11, 12, 
13, 14, 15, 16, 17, 18, 19, 20, 21, 22, 23, 24, 25, 26, 27, 28, 
29, 30, 31, 32, 33, 34, 35, 36, 37, 38, 39, 40, 41, 42, 43, 44, 
45, 46, 47, 48, 49, 50, 51, 52, 53, 54, 55, 56, 57, 58, 59, 60, 
61, 62, 63, 64, 65, 66, 67, 68, 69, 70, 71, 72, 73, 74, 75, 76, 
77, 78, 79, 80, 81, 82, 83, 84, 85, 86, 87, 88, 89, 90, 91, 92, 
93, 94, 95, 96, 97, 98, 99, 100, 101, 102, 103, 104, 105, 106, 
107, 108, 109, 110, 111, 112, 113, 114, 115, 116, 117, 118, 119, 
120, 121, 122, 123, 124, 125, 126, 127, 128, 129, 130, 131, 132, 
133, 134, 135, 136, 137, 138, 139, 140, 141, 142, 143, 144), 
    Year = c(1926, 1926, 1926, 1928, 1929, 1929, 1932, 1933, 
    1933, 1933, 1933, 1934, 1934, 1934, 1935, 1935, 1936, 1936, 
    1936, 1938, 1938, 1940, 1940, 1941, 1941, 1942, 1942, 1943, 
    1944, 1944, 1944, 1945, 1945, 1946, 1946, 1947, 1947, 1947, 
    1947, 1947, 1948, 1948, 1948, 1949, 1949, 1950, 1950, 1951, 
    1952, 1953, 1953, 1954, 1954, 1954, 1955, 1955, 1955, 1956, 
    1957, 1957, 1959, 1959, 1959, 1959, 1960, 1960, 1960, 1960, 
    1961, 1961, 1962, 1962, 1963, 1964, 1964, 1964, 1964, 1964, 
    1965, 1965, 1966, 1966, 1967, 1968, 1968, 1968, 1969, 1970, 
    1971, 1971, 1971, 1971, 1972, 1972, 1973, 1974, 1974, 1975, 
    1976, 1977, 1978, 1979, 1979, 1979, 1979, 1979, 1980, 1981, 
    1982, 1982, 1983, 1984, 1984, 1985, 1985, 1985, 1985, 1985, 
    1986, 1986, 1987, 1987, 1988, 1988, 1988, 1988, 1988, 1989, 
    1989, 1989, 1989, 1990, 1991, 1992, 1993, 1993, 1994, 1994, 
    1994, 1995, 1995, 1995, 1995, 1995), Dam = c(1.775, 0.307, 
    72.303, 13.795, 0.033, 0.102, 1.814, 1.687, 1.141, 0.481, 
    0.159, 0.014, 0.195, 0.158, 0.981, 2.191, 0.057, 0.009, 0.038, 
    0.008, 16.629, 0.092, 0.419, 0.818, 0.181, 0.06, 1.108, 1.512, 
    0.093, 6.536, 16.864, 0.747, 6.313, 0.553, 1.69, 0.048, 8.308, 
    0.025, 0.131, 2.263, 0.021, 1.31, 0.36, 5.838, 0.336, 0.541, 
    2.266, 0.182, 0.063, 0.023, 0.006, 9.066, 1.415, 7.039, 1.142, 
    10.232, 1.819, 0.349, 2.396, 0.048, 0.015, 0.072, 0.156, 
    0.203, 0.063, 0.08, 12.048, 0.017, 7.069, 0.094, 0.033, 0.009, 
    0.149, 0.011, 2.435, 3.108, 1.284, 0.213, 12.434, 0.264, 
    0.108, 0.058, 2.05, 0.016, 0.02, 0.284, 10.965, 3.338, 0.776, 
    0.151, 0.199, 0.086, 10.705, 0.014, 0.095, 0.649, 0.066, 
    1.757, 0.307, 0.033, 0.076, 0.045, 1.026, 1.249, 0.025, 6.293, 
    0.865, 0.078, 0.004, 0.024, 4.056, 0.128, 0.002, 0.082, 2.064, 
    1.409, 2.399, 0.568, 0.003, 0.002, 0.011, 0.001, 0.004, 0.001, 
    0.003, 0.075, 0.005, 0.69, 0.137, 9.38, 0.097, 0.074, 1.714, 
    33.094, 0.025, 0.039, 0.53, 0.077, 0.424, 0.002, 0.001, 0.7, 
    0.026, 3)), .Names = c("obs", "Year", "Dam"), row.names = c("1", 
"2", "3", "4", "5", "6", "7", "8", "9", "10", "11", "12", "13", 
"14", "15", "16", "17", "18", "19", "20", "21", "22", "23", "24", 
"25", "26", "27", "28", "29", "30", "31", "32", "33", "34", "35", 
"36", "37", "38", "39", "40", "41", "42", "43", "44", "45", "46", 
"47", "48", "49", "50", "51", "52", "53", "54", "55", "56", "57", 
"58", "59", "60", "61", "62", "63", "64", "65", "66", "67", "68", 
"69", "70", "71", "72", "73", "74", "75", "76", "77", "78", "79", 
"80", "81", "82", "83", "84", "85", "86", "87", "88", "89", "90", 
"91", "92", "93", "94", "95", "96", "97", "98", "99", "100", 
"101", "102", "103", "104", "105", "106", "107", "108", "109", 
"110", "111", "112", "113", "114", "115", "116", "117", "118", 
"119", "120", "121", "122", "123", "124", "125", "126", "127", 
"128", "129", "130", "131", "132", "133", "134", "135", "136", 
"137", "138", "139", "140", "141", "142", "143", "144"), class = "data.frame")
