"Flood" <-
structure(list(OBS = c(1, 2, 3, 4, 5, 6, 7, 8, 9, 10, 11, 12, 
13, 14, 15, 16, 17, 18, 19, 20, 21, 22, 23, 24, 25, 26, 27, 28, 
29, 30, 31, 32, 33, 34, 35, 36, 37, 38, 39, 40, 41, 42, 43, 44, 
45, 46, 47, 48, 49, 50, 51, 52, 53, 54, 55, 56, 57, 58, 59, 60, 
61, 62, 63, 64, 65, 66), HYEAR = c(1932, 1933, 1934, 1935, 1936, 
1937, 1938, 1939, 1940, 1941, 1942, 1943, 1944, 1945, 1946, 1947, 
1948, 1949, 1950, 1951, 1952, 1953, 1954, 1955, 1956, 1957, 1958, 
1959, 1960, 1961, 1962, 1963, 1964, 1965, 1966, 1967, 1968, 1969, 
1970, 1971, 1972, 1973, 1974, 1975, 1976, 1977, 1978, 1979, 1980, 
1981, 1982, 1983, 1984, 1985, 1986, 1987, 1988, 1989, 1990, 1991, 
1992, 1993, 1994, 1995, 1996, 1997), USDMG = c(0.1212, 0.4387, 
0.1168, 1.4177, 3.1312, 4.7065, 1.0973, 0.152, 0.4374, 0.3949, 
0.8737, 1.6268, 0.8035, 1.2888, 0.5018, 1.7344, 1.3735, 0.5629, 
1.0398, 5.6528, 1.369, 0.6525, 0.5648, 5.1998, 0.3269, 1.757, 
1.0422, 0.6637, 0.4294, 0.7023, 0.3387, 0.7912, 2.8619, 3.3917, 
0.4899, 1.5235, 1.3184, 3.3492, 0.7928, 0.9608, 14.3417, 5.7584, 
1.6104, 3.5015, 7.2377, 2.9511, 1.4769, 6.8101, 2.6722, 1.6328, 
3.8374, 5.8878, 5.3162, 0.6862, 8.0099, 1.87, 0.2816, 1.2965, 
1.8812, 1.8786, 0.8207, 17.1678, 1.1491, 5.1108, 5.9774, 8.3576
), DMGPC = c(0.9708, 3.4934, 0.9242, 11.1411, 24.4524, 36.5341, 
8.4521, 1.1614, 3.3106, 2.9602, 6.4786, 11.8971, 5.8058, 9.2105, 
3.5491, 12.0339, 9.3671, 3.7731, 6.8286, 36.4984, 8.6891, 4.0734, 
3.4645, 31.3371, 1.9354, 10.2161, 5.9594, 3.7322, 2.3767, 3.8233, 
1.8157, 4.1809, 14.9144, 17.4557, 2.4924, 7.6669, 6.5688, 16.5248, 
3.8663, 4.6268, 68.3276, 27.1739, 7.5304, 16.2127, 33.1951, 13.3995, 
6.6352, 30.2597, 11.7601, 7.1157, 16.5645, 25.1839, 22.543, 2.8841, 
33.3561, 7.7181, 1.1517, 5.2528, 7.5417, 7.4511, 3.2184, 66.6056, 
4.4147, 19.4504, 22.541, 31.2275), LOSSPW = c(36.73, 143.26, 
39.04, 461.27, 1003.12, 1453.13, 313.66, 42.4, 120.88, 109.51, 
240.24, 427.48, 195.05, 297.05, 116.43, 390.29, 285.4, 108.38, 
198.11, 1056.33, 236.46, 107.42, 90.36, 806.56, 48.71, 249.82, 
144.18, 90.18, 57.36, 91.91, 43.43, 98.49, 347.17, 395.67, 55.11, 
162.96, 136.78, 331.18, 75.8, 88.78, 1252.83, 480.02, 128.58, 
260.05, 521.51, 207.15, 99.99, 441.76, 164.98, 96.87, 220.55, 
334.65, 303.6, 38.36, 436.77, 98.82, 14.53, 65.5, 93.79, 92.91, 
40.75, 840.36, 54.63, 235.34, 269.62, 367.34)), .Names = c("OBS", 
"HYEAR", "USDMG", "DMGPC", "LOSSPW"), class = "data.frame", row.names = c("1", 
"2", "3", "4", "5", "6", "7", "8", "9", "10", "11", "12", "13", 
"14", "15", "16", "17", "18", "19", "20", "21", "22", "23", "24", 
"25", "26", "27", "28", "29", "30", "31", "32", "33", "34", "35", 
"36", "37", "38", "39", "40", "41", "42", "43", "44", "45", "46", 
"47", "48", "49", "50", "51", "52", "53", "54", "55", "56", "57", 
"58", "59", "60", "61", "62", "63", "64", "65", "66"))
