"ftcanmax" <-
structure(list(Year = c(1900, 1901, 1902, 1903, 1904, 1905, 1906, 
1907, 1908, 1909, 1910, 1911, 1912, 1913, 1914, 1915, 1916, 1917, 
1918, 1919, 1920, 1921, 1922, 1923, 1924, 1925, 1926, 1927, 1928, 
1929, 1930, 1931, 1932, 1933, 1934, 1935, 1936, 1937, 1938, 1939, 
1940, 1941, 1942, 1943, 1944, 1945, 1946, 1947, 1948, 1949, 1950, 
1951, 1952, 1953, 1954, 1955, 1956, 1957, 1958, 1959, 1960, 1961, 
1962, 1963, 1964, 1965, 1966, 1967, 1968, 1969, 1970, 1971, 1972, 
1973, 1974, 1975, 1976, 1977, 1978, 1979, 1980, 1981, 1982, 1983, 
1984, 1985, 1986, 1987, 1988, 1989, 1990, 1991, 1992, 1993, 1994, 
1995, 1996, 1997, 1998, 1999), Prec = c(239, 232, 434, 85, 302, 
174, 170, 121, 193, 168, 148, 116, 132, 132, 144, 183, 223, 96, 
298, 97, 116, 146, 84, 230, 138, 170, 117, 115, 132, 125, 156, 
124, 189, 193, 71, 176, 105, 93, 354, 60, 151, 160, 219, 142, 
117, 87, 223, 215, 108, 354, 213, 306, 169, 184, 71, 98, 96, 
218, 176, 121, 161, 321, 102, 269, 98, 271, 95, 212, 151, 136, 
240, 162, 71, 110, 285, 215, 103, 443, 185, 199, 115, 134, 297, 
187, 203, 146, 94, 129, 162, 112, 348, 95, 249, 103, 181, 152, 
135, 463, 183, 241)), .Names = c("Year", "Prec"), class = "data.frame", row.names = c("1", 
"2", "3", "4", "5", "6", "7", "8", "9", "10", "11", "12", "13", 
"14", "15", "16", "17", "18", "19", "20", "21", "22", "23", "24", 
"25", "26", "27", "28", "29", "30", "31", "32", "33", "34", "35", 
"36", "37", "38", "39", "40", "41", "42", "43", "44", "45", "46", 
"47", "48", "49", "50", "51", "52", "53", "54", "55", "56", "57", 
"58", "59", "60", "61", "62", "63", "64", "65", "66", "67", "68", 
"69", "70", "71", "72", "73", "74", "75", "76", "77", "78", "79", 
"80", "81", "82", "83", "84", "85", "86", "87", "88", "89", "90", 
"91", "92", "93", "94", "95", "96", "97", "98", "99", "100"))
