"HEAT" <-
structure(list(Year = c(48, 49, 50, 51, 52, 53, 54, 55, 56, 57, 
58, 59, 60, 61, 62, 63, 64, 65, 66, 67, 68, 69, 70, 71, 72, 73, 
74, 75, 76, 77, 78, 79, 80, 81, 82, 83, 84, 85, 86, 87, 88, 89, 
90), Tmax = c(115, 113, 115, 112, 112, 112, 112, 107, 110, 112, 
118, 111, 112, 114, 113, 112, 112, 113, 113, 110, 110, 114, 113, 
114, 116, 115, 113, 116, 111, 113, 115, 114, 115, 113, 113, 116, 
112, 115, 115, 114, 113, 118, 115), Tmin = c(67, 61, 66, 66, 
68, 64, 67, 67, 63, 63, 73, 73, 72, 67, 62, 69, 67, 61, 68, 72, 
61, 68, 72, 72, 71, 69, 72, 69, 71, 78, 70, 68, 73, 74, 73, 75, 
68, 73, 71, 74, 75, 74, 70)), .Names = c("Year", "Tmax", "Tmin"
), class = "data.frame", row.names = c("1", "2", "3", "4", "5", 
"6", "7", "8", "9", "10", "11", "12", "13", "14", "15", "16", 
"17", "18", "19", "20", "21", "22", "23", "24", "25", "26", "27", 
"28", "29", "30", "31", "32", "33", "34", "35", "36", "37", "38", 
"39", "40", "41", "42", "43"))
