"Ozone4H" <-
structure(list(station = as.integer(c(1, 2, 3, 4, 5, 6, 7, 8, 
9, 10, 11, 12, 13, 14, 15, 16, 17, 18, 19, 20, 21, 22, 23, 24, 
25, 26, 27, 28, 29, 30, 31, 32, 33, 34, 35, 36, 37, 38, 39, 40, 
41, 42, 43, 44, 45, 46, 47, 48, 49, 50, 51, 52, 53, 54, 55, 56, 
57, 58, 59, 60, 61, 62, 63, 64, 65, 66, 67, 68, 69, 70, 71, 72, 
73, 74, 75, 76, 77, 78, 79, 80, 81, 82, 83, 84, 85, 86, 87, 88, 
89, 90, 91, 92, 93, 94, 95, 96, 97, 98, 99, 100, 101, 102, 103, 
104, 105, 106, 107, 108, 109, 110, 111, 112, 113, 114, 115, 116, 
117, 118, 119, 120, 121, 122, 123, 124, 125, 126, 127, 128, 129, 
130, 131, 132, 133, 134, 135, 136, 137, 138, 139, 140, 141, 142, 
143, 144, 145, 146, 147, 148, 149, 150, 151, 152, 153, 154, 155, 
156, 157, 158, 159, 160, 161, 162, 163, 164, 165, 166, 167, 168, 
169, 170, 171, 172, 173, 174, 175, 176, 177, 178, 179, 180, 181, 
182, 183, 184, 185, 186, 187, 188, 189, 190, 191, 192, 193, 194, 
195, 196, 197, 198, 199, 200, 201, 202, 203, 204, 205, 206, 207, 
208, 209, 210, 211, 212, 213, 214, 215, 216, 217, 218, 219, 220, 
221, 222, 223, 224, 225, 226, 227, 228, 229, 230, 231, 232, 233, 
234, 235, 236, 237, 238, 239, 240, 241, 242, 243, 244, 245, 246, 
247, 248, 249, 250, 251, 252, 253, 254, 255, 256, 257, 258, 259, 
260, 261, 262, 263, 264, 265, 266, 267, 268, 269, 270, 271, 272, 
273, 274, 275, 276, 277, 278, 279, 280, 281, 282, 283, 284, 285, 
286, 287, 288, 289, 290, 291, 292, 293, 294, 295, 296, 297, 298, 
299, 300, 301, 302, 303, 304, 305, 306, 307, 308, 309, 310, 311, 
312, 313, 314, 315, 316, 317, 318, 319, 320, 321, 322, 323, 324, 
325, 326, 327, 328, 329, 330, 331, 332, 333, 334, 335, 336, 337, 
338, 339, 340, 341, 342, 343, 344, 345, 346, 347, 348, 349, 350, 
351, 352, 353, 354, 355, 356, 357, 358, 359, 360, 361, 362, 363, 
364, 365, 366, 367, 368, 369, 370, 371, 372, 373, 374, 375, 376, 
377, 378, 379, 380, 381, 382, 383, 384, 385, 386, 387, 388, 389, 
390, 391, 392, 393, 394, 395, 396, 397, 398, 399, 400, 401, 402, 
403, 404, 405, 406, 407, 408, 409, 410, 411, 412, 413, 414, 415, 
416, 417, 418, 419, 420, 421, 422, 423, 424, 425, 426, 427, 428, 
429, 430, 431, 432, 433, 434, 435, 436, 437, 438, 439, 440, 441, 
442, 443, 444, 445, 446, 447, 448, 449, 450, 451, 452, 453, 454, 
455, 456, 457, 458, 459, 460, 461, 462, 463, 464, 465, 466, 467, 
468, 469, 470, 471, 472, 473, 474, 475, 476, 477, 478, 479, 480, 
481, 482, 483, 484, 485, 486, 487, 488, 489, 490, 491, 492, 493, 
494, 495, 496, 497, 498, 499, 500, 501, 502, 503, 504, 505, 506, 
507, 508, 509, 510, 511, 512, 513)), r1 = as.integer(c(85, 98, 
75, 95, 88, 93, 108, 101, 81, 89, 74, 102, 66, 88, 100, 72, 82, 
86, 83, 138, 113, 144, 141, 137, 99, 145, 103, 151, 153, 143, 
125, 123, 115, 119, 121, 115, 117, 122, 128, 114, 78, 88, 102, 
94, 76, 107, 97, 86, 96, 91, 97, 144, 112, 84, 83, 88, 93, 118, 
85, 96, 101, 97, 87, 82, 84, 92, 105, 107, 79, 78, 90, 79, 98, 
79, 85, 101, 112, 112, 101, 92, 81, 89, 104, 104, 100, 108, 103, 
80, 83, 76, 71, 87, 76, 77, 90, 82, 82, 90, 90, 112, 99, 110, 
122, 101, 89, 101, 97, 113, 97, 90, 105, 94, 95, 101, 97, 94, 
109, 106, 105, 105, 99, 88, 100, 109, 108, 72, 75, 68, 68, 82, 
83, 71, 67, 93, 78, 86, 113, 111, 102, 86, 99, 88, 96, 89, 91, 
95, 74, 77, 92, 105, 100, 102, 97, 96, 74, 102, 94, 99, 91, 83, 
109, 65, 70, 83, 76, 112, 92, 88, 96, 89, 86, 79, 135, 149, 127, 
119, 97, 104, 138, 112, 111, 137, 138, 121, 108, 141, 118, 119, 
120, 116, 90, 97, 109, 98, 130, 105, 104, 102, 81, 90, 90, 88, 
111, 109, 88, 93, 98, 86, 101, 94, 99, 108, 85, 83, 85, 82, 82, 
80, 84, 107, 111, 97, 70, 79, 75, 109, 89, 97, 112, 95, 84, 100, 
93, 95, 99, 89, 83, 83, 98, 67, 56, 100, 125, 115, 117, 128, 
113, 106, 120, 111, 108, 115, 107, 117, 123, 105, 150, 100, 91, 
101, 110, 100, 77, 100, 84, 83, 126, 92, 102, 138, 86, 119, 118, 
84, 88, 90, 100, 93, 83, 79, 85, 86, 92, 98, 95, 94, 93, 105, 
90, 91, 98, 103, 87, 86, 100, 102, 104, 89, 87, 87, 99, 90, 80, 
85, 109, 110, 107, 112, 98, 91, 120, 99, 98, 117, 71, 114, 115, 
84, 105, 78, 90, 96, 95, 104, 96, 106, 105, 101, 105, 89, 81, 
88, 96, 102, 97, 89, 108, 104, 106, 93, 98, 94, 106, 108, 89, 
88, 88, 99, 92, 89, 95, 85, 102, 101, 94, 99, 97, 98, 106, 97, 
95, 91, 99, 90, 90, 98, 94, 99, 100, 97, 73, 111, 97, 97, 103, 
91, 103, 112, 100, 115, 118, 102, 93, 91, 105, 118, 108, 127, 
112, 117, 106, 110, 103, 106, 118, 81, 98, 103, 100, 94, 122, 
95, 113, 85, 105, 80, 62, 99, 87, 119, 103, 101, 81, 104, 119, 
82, 102, 108, 104, 98, 109, 103, 86, 94, 93, 97, 84, 72, 93, 
94, 99, 84, 92, 88, 83, 90, 100, 96, 69, 94, 86, 74, 91, 87, 
111, 85, 94, 104, 100, 93, 90, 94, 87, 107, 112, 109, 88, 94, 
109, 97, 96, 107, 98, 93, 93, 111, 104, 111, 98, 104, 92, 98, 
126, 103, 111, 94, 88, 113, 118, 105, 95, 94, 124, 104, 83, 96, 
96, 88, 90, 100, 89, 98, 90, 109, 103, 101, 98, 109, 94, 105, 
100, 87, 95, 86, 94, 110, 120, 105, 111, 121, 81, 91, 92)), r2 = as.integer(c(82, 
86, 74, 94, 87, 91, 99, 94, 80, 89, 73, 94, 64, 84, 97, 71, 75, 
84, 83, 119, 107, 124, 118, 125, 98, 114, 99, 120, 126, 129, 
108, 108, 99, 111, 112, 107, 105, 114, 115, 103, 75, 80, 95, 
92, 76, 105, 90, 85, 90, 90, 96, 119, 90, 77, 82, 87, 90, 99, 
83, 81, 87, 96, 84, 77, 77, 84, 94, 95, 76, 77, 88, 78, 90, 78, 
81, 89, 102, 106, 91, 89, 79, 84, 97, 94, 91, 93, 101, 78, 81, 
73, 71, 86, 76, 74, 81, 78, 81, 88, 90, 106, 94, 107, 99, 99, 
87, 100, 96, 108, 87, 86, 96, 93, 90, 100, 91, 88, 102, 99, 102, 
102, 88, 88, 96, 98, 97, 69, 69, 67, 66, 75, 76, 69, 65, 91, 
76, 86, 88, 92, 99, 84, 97, 88, 89, 87, 87, 87, 74, 77, 92, 99, 
98, 100, 90, 95, 68, 97, 91, 89, 85, 82, 108, 63, 65, 81, 73, 
97, 90, 85, 87, 85, 86, 75, 124, 132, 109, 105, 96, 97, 130, 
107, 110, 111, 123, 114, 106, 121, 116, 108, 116, 105, 82, 94, 
98, 92, 120, 102, 101, 95, 81, 81, 88, 81, 110, 96, 78, 92, 93, 
86, 84, 88, 99, 99, 83, 76, 84, 80, 80, 79, 81, 99, 102, 90, 
66, 71, 74, 98, 84, 94, 103, 92, 83, 97, 85, 88, 99, 84, 77, 
82, 87, 63, 54, 79, 120, 107, 108, 120, 108, 100, 120, 110, 107, 
107, 103, 115, 111, 102, 131, 95, 88, 98, 104, 95, 76, 99, 82, 
81, 117, 89, 100, 132, 81, 114, 113, 82, 87, 89, 100, 89, 80, 
78, 84, 86, 85, 97, 92, 92, 89, 94, 83, 89, 97, 102, 84, 83, 
99, 100, 102, 88, 85, 86, 94, 87, 76, 85, 107, 99, 103, 91, 94, 
90, 103, 91, 96, 95, 70, 104, 99, 80, 97, 76, 87, 93, 90, 103, 
94, 102, 102, 100, 103, 88, 79, 87, 96, 94, 91, 88, 105, 96, 
103, 92, 98, 83, 90, 108, 85, 87, 86, 96, 90, 87, 82, 84, 98, 
92, 93, 92, 97, 92, 90, 93, 93, 90, 87, 86, 86, 90, 89, 95, 100, 
92, 64, 104, 90, 89, 90, 87, 100, 105, 99, 108, 113, 91, 90, 
88, 97, 105, 100, 113, 98, 110, 104, 107, 100, 106, 115, 80, 
94, 101, 91, 87, 118, 91, 103, 82, 103, 78, 61, 98, 81, 114, 
99, 94, 75, 99, 116, 76, 102, 108, 102, 96, 108, 103, 79, 94, 
89, 87, 82, 70, 91, 94, 97, 83, 86, 84, 83, 89, 98, 90, 69, 89, 
85, 73, 87, 87, 107, 79, 87, 99, 83, 89, 88, 92, 87, 102, 100, 
97, 81, 91, 97, 97, 89, 97, 93, 92, 91, 110, 103, 96, 89, 93, 
88, 92, 114, 95, 107, 92, 85, 102, 108, 96, 88, 93, 104, 102, 
82, 93, 93, 87, 86, 92, 86, 93, 83, 106, 101, 100, 94, 108, 83, 
86, 87, 86, 94, 82, 92, 95, 103, 103, 107, 100, 78, 89, 89)),