"Peak" <-
structure(list(Year = c(1924, 1925, 1926, 1927, 1928, 1929, 1930, 
1931, 1932, 1933, 1934, 1935, 1936, 1937, 1938, 1939, 1940, 1941, 
1942, 1943, 1944, 1945, 1946, 1947, 1948, 1949, 1950, 1951, 1952, 
1953, 1954, 1955, 1956, 1957, 1958, 1959, 1960, 1961, 1962, 1963, 
1964, 1965, 1966, 1967, 1968, 1969, 1970, 1971, 1972, 1973, 1974, 
1975, 1976, 1977, 1978, 1979, 1980, 1981, 1982, 1983, 1984, 1985, 
1987, 1988, 1989, 1990, 1991, 1992, 1993, 1994, 1995, 1996, 1997, 
1998, 1999), Flow = c(43000, 9000, 21000, 40000, 2600, 15000, 
8300, 22000, 57000, 4200, 5500, 15200, 13800, 88000, 24100, 9050, 
4610, 117000, 5140, 16500, 4560, 5450, 15100, 6170, 5960, 15500, 
5930, 27600, 111000, 4320, 40800, 8640, 1460, 6720, 24000, 12100, 
78200, 2590, 8540, 31300, 3620, 20400, 68800, 5600, 17200, 6100, 
17300, 12800, 30200, 70000, 1500, 10100, 16000, 10200, 89400, 
95800, 99000, 2550, 15200, 17600, 59800, 46600, 7560, 11000, 
2040, 6710, 71300, 24600, 143000, 7930, 38000, 6610, 3630, 6370, 
4820)), .Names = c("Year", "Flow"), class = "data.frame", row.names = c("1", 
"2", "3", "4", "5", "6", "7", "8", "9", "10", "11", "12", "13", 
"14", "15", "16", "17", "18", "19", "20", "21", "22", "23", "24", 
"25", "26", "27", "28", "29", "30", "31", "32", "33", "34", "35", 
"36", "37", "38", "39", "40", "41", "42", "43", "44", "45", "46", 
"47", "48", "49", "50", "51", "52", "53", "54", "55", "56", "57", 
"58", "59", "60", "61", "62", "63", "64", "65", "66", "67", "68", 
"69", "70", "71", "72", "73", "74", "75"))
