"Peak" <-
structure(list(Year = c(1924, 1925, 1926, 1927, 1928, 1929, 1930, 
1931, 1932, 1933, 1934, 1935, 1936, 1937, 1938, 1939, 1940, 1941, 
1942, 1943, 1944, 1945, 1946, 1947, 1948, 1949, 1950, 1951, 1952, 
1953, 1954, 1955, 1956, 1957, 1958, 1959, 1960, 1961, 1962, 1963, 
1964, 1965, 1966, 1967, 1968, 1969, 1970, 1971, 1972, 1973, 1974, 
1975, 1976, 1977, 1978, 1979, 1980, 1981, 1982, 1983, 1984, 1985, 
1987, 1988, 1989, 1990, 1991, 1992, 1993, 1994, 1995, 1996, 1997, 
1998, 1999), Flow = c(43000, 9000, 21000, 40000, 2600, 15000, 
8300, 22000, 57000, 4200, 5500, 15200, 13800, 88000, 24100, 9050, 
4610, 117000, 5140, 16500, 4560, 5450, 15100, 6170, 5960, 15500, 
5930, 27600, 111000, 4320, 40800, 8640, 1460, 6720, 24000, 12100, 
78200, 2590, 8540, 31300, 3620, 20400, 68800, 5600, 17200, 6100, 
17300, 12800, 30200, 70000, 1500, 10100, 16000, 10200, 89400, 
95800, 99000, 2550, 15200, 17600, 59800, 46600, 7560, 11000, 
2040, 6710, 71300, 24600, 143000, 7930, 38000, 6610, 3630, 6370, 
4820), Winter = c(59.14, 70.73, 50.71, 77.42, 61.42, 70.95, 45.76, 
58.77, 74.73, 64.8, 62.58, 65.08, 67.11, 72.41, 65.6, 57.72, 
58.31, 71.47, 91.14, 79.19, 60.02, 72.11, 64, 63.61, 70.58, 68.41, 
69.09, 47.48, 49.28, 75.77, 75.41, 67.49, 62.49, 57.22, 61.59, 
77.89, 76.67, 64.27, 69.51, 63.67, 70.36, 78.15, 65.61, 69.41, 
60.82, 56.79, 64.72, 74.41, 51.89, 55.77, 84.03, 50.2, 64.52, 
53.32, 60.13, 83.83, 67.62, 69.13, 62, 69.31, 97.83, 70.03, 63.83, 
80.89, 74.49, 62.14, 85.53, 68.44, 87.9, 68.48, 67.41, 80.41, 
64.73, 59.37, 88.22), Spring = c(82.35, 90.63, 78.66, 102.34, 
87.01, 91.35, 96.01, 100.67, 98.04, 96.95, 91.29, 90.7, 91.3, 
89.32, 90.65, 89.33, 89.32, 105.32, 101.62, 95.59, 90.02, 97.96, 
91.21, 101.98, 96.67, 91.35, 91.23, 80.37, 94.34, 96.26, 100.12, 
85.09, 83.27, 80.98, 98.71, 93.04, 87.32, 85.34, 99.75, 94.29, 
85, 88.64, 97.51, 102.71, 96.22, 91.27, 100.58, 92.59, 81.35, 
103.3, 89.33, 84.29, 82.72, 91.59, 95.7, 96.28, 95.99, 93.97, 
101.02, 98.3, 106.39, 97.63, 97.72, 116.01, 92.24, 83.41, 94.3, 
106.75, 108.65, 112.99, 107.33, 94.65, 95.39, 107.88, 108.64), 
    Summer = c(133.86, 127.72, 129.42, 128.67, 125.08, 129.01, 
    134.34, 133.38, 128.01, 131.74, 129.38, 126.1, 130.02, 123.98, 
    127.39, 116.36, 122.65, 141.35, 145.42, 123.73, 125.61, 135.38, 
    124.74, 134.7, 124.65, 123.97, 132.98, 116.1, 125.82, 127.02, 
    131.4, 121.65, 113.38, 113.34, 129.04, 118.7, 131.37, 125, 
    130.36, 123.76, 130.64, 119.68, 144.04, 129.29, 127.02, 125.37, 
    132.05, 125.41, 123.93, 134.74, 116.4, 123.66, 114.67, 135.77, 
    135.67, 114.37, 123.3, 130.39, 119.04, 143.72, 139.4, 128.63, 
    119.43, 140.43, 130.58, 127.33, 129.05, 135.7, 134.1, 141.7, 
    139.78, 129.66, 124.34, 147, 124.71), Fall = c(111.03, 98.3, 
    115.67, 102.29, 110.35, 101.9, 104.37, 118.98, 105.1, 102.99, 
    98.66, 105.7, 98.98, 105.68, 105.7, 100.74, 113.69, 125.14, 
    112.74, 96.32, 97.33, 109.04, 107.7, 112.4, 101.05, 100.7, 
    101.96, 92.36, 111.36, 99, 111.3, 105.68, 92.67, 99.31, 114.67, 
    100.62, 100.38, 99.75, 105.65, 96.34, 118.07, 92.36, 120.37, 
    107.73, 108, 110, 108.08, 87.66, 95.33, 120.4, 90.44, 94.35, 
    90.98, 101.97, 117.4, 104.69, 106.04, 108.32, 103.42, 125.33, 
    107.64, 108.05, 108.01, 112, 90.34, 100.98, 110.98, 114.96, 
    106.4, 114.73, 117.35, 103.32, 94.69, 131.69, 95.01)), .Names = c("Year", 
"Flow", "Winter", "Spring", "Summer", "Fall"), row.names = c("1", 
"2", "3", "4", "5", "6", "7", "8", "9", "10", "11", "12", "13", 
"14", "15", "16", "17", "18", "19", "20", "21", "22", "23", "24", 
"25", "26", "27", "28", "29", "30", "31", "32", "33", "34", "35", 
"36", "37", "38", "39", "40", "41", "42", "43", "44", "45", "46", 
"47", "48", "49", "50", "51", "52", "53", "54", "55", "56", "57", 
"58", "59", "60", "61", "62", "63", "64", "65", "66", "67", "68", 
"69", "70", "71", "72", "73", "74", "75"), class = "data.frame")
