"PORTw" <-
structure(list(Season = c(2, 2, 2, 2, 2, 2, 2, 2, 2, 2, 2, 2, 
2, 2, 2, 2, 2, 2, 2, 2, 2, 2, 2, 2, 2, 2, 2, 2, 2, 2, 2, 2, 2, 
2, 2, 2, 2, 2, 2, 2, 2, 2, 2, 2, 2, 2, 2, 2, 2, 2, 2, 2, 2, 2, 
2, 2, 2, 2, 2, 2, 2, 2, 2, 2, 2, 2, 2, 2), Year = c(1927, 1928, 
1929, 1930, 1931, 1932, 1933, 1934, 1935, 1936, 1937, 1938, 1939, 
1940, 1941, 1942, 1943, 1944, 1945, 1946, 1947, 1948, 1949, 1950, 
1951, 1952, 1953, 1954, 1955, 1956, 1957, 1958, 1959, 1961, 1962, 
1963, 1964, 1965, 1966, 1967, 1968, 1969, 1970, 1971, 1972, 1973, 
1974, 1975, 1976, 1977, 1978, 1979, 1980, 1981, 1982, 1983, 1984, 
1985, 1986, 1987, 1988, 1989, 1990, 1991, 1992, 1993, 1994, 1995
), MTMAX = c(1.99383, 3.35802, 3.81481, 3.40741, 2.76543, 6.20879, 
5.14815, 0.87654, 1.79012, -0.3602, 5.20988, 2.58642, 3.25926, 
1.42593, 2.52469, 2.7963, 2.2284, 3.31502, 1.17901, 2.11728, 
4.12963, 1.35531, 5.75309, 4.3633, 3.5, 4.27778, 5.10612, 5.35185, 
2.90123, 2.24054, 3.6358, 2.65432, 1.73457, 1.74074, 2.11728, 
1.2037, 2.00855, 2.2716, 3.1358, 3.32099, 1.52625, 1.53704, 0.55556, 
1.2284, 3.38828, 3.82099, 3.54938, 4.26543, 3.56532, 0.73856, 
0.62963, 1.17901, 3.40659, 2.94444, 1, 4.60494, 2.6801, 4.0679, 
1.32716, 2.7037, 2.66789, 4.17284, 3.22222, 5.48148, 4.52991, 
2.82716, 0.7284, 4.53704), MTMIN = c(-7.9383, -6.9568, -6.4815, 
-6.8395, -7.6173, -3.2112, -5.8457, -9.9753, -8.0185, -9.4567, 
-4.1975, -6.4012, -5.9877, -7.5309, -6.642, -6.8333, -7.4198, 
-7.5763, -8.7716, -7.6914, -6.2901, -9.591, -4.4195, -5.202, 
-6.4198, -6.1975, -5.5247, -5.3025, -6.537, -6.7033, -6.3148, 
-5.8302, -8.6728, -10.6679, -7.7654, -10.5617, -8.6508, -8.1173, 
-6.8272, -7.037, -8.6813, -7.2593, -9.5679, -8.2593, -6.221, 
-5.6914, -6.5556, -4.963, -7.558, -10.3889, -10.1481, -8.8202, 
-7.1306, -9.3704, -9.037, -5.2901, -6.5873, -6.2037, -7.5432, 
-6.6543, -7.1429, -5.8642, -6.4691, -4.9012, -4.5604, -6.2963, 
-9.8272, -5.2531), STDTMAX = c(4.93324, 4.85031, 5.00672, 6.44029, 
3.89911, 4.68602, 6.18797, 6.33101, 5.20743, 5.33473, 3.91385, 
4.70164, 5.14676, 4.46162, 3.78647, 5.21653, 5.30097, 4.2208, 
4.15225, 4.68519, 5.56619, 4.7251, 5.09673, 4.84579, 5.08933, 
4.70996, 4.20344, 6.2096, 4.72857, 4.0057, 5.24749, 5.35388, 
4.82013, 6.07908, 4.18723, 5.04265, 4.20886, 5.05048, 4.3747, 
5.25661, 5.28839, 3.97405, 4.86465, 5.44363, 4.99249, 4.9346, 
6.07137, 3.83983, 6.86489, 5.17151, 4.34278, 5.92576, 5.08313, 
7.33937, 4.65273, 5.95344, 5.59406, 6.62169, 4.46522, 3.67307, 
4.99329, 5.1062, 6.19212, 5.19104, 4.93436, 4.00673, 6.53355, 
5.4562), STDMIN = c(5.52504, 5.76282, 5.3689, 6.9247, 5.09396, 
4.56308, 5.70172, 7.64553, 7.31315, 7.36002, 4.66086, 5.05499, 
6.19804, 6.07332, 5.63607, 6.45548, 6.38845, 5.44112, 6.18948, 
5.81892, 4.88729, 6.82268, 5.3431, 6.71501, 5.8083, 6.24882, 
4.28017, 6.09899, 5.46623, 5.383, 6.46085, 6.29383, 4.91479, 
7.84655, 5.75303, 6.57843, 5.46352, 6.36745, 5.83459, 5.68086, 
7.00756, 5.11879, 5.94209, 6.41006, 5.7665, 5.75263, 5.42365, 
4.90639, 6.15354, 5.81984, 5.77398, 6.46627, 5.29271, 8.19938, 
6.6222, 6.39762, 7.10521, 5.99177, 5.58294, 5.68085, 6.41691, 
4.73688, 6.31474, 5.22591, 5.83584, 5.49846, 7.25296, 6.35189
), TMX1 = c(12.7778, 15, 17.2222, 23.8889, 13.3333, 21.6667, 
18.3333, 13.8889, 17.2222, 12.7778, 17.7778, 14.4444, 18.8889, 
13.3333, 18.8889, 16.1111, 16.6667, 17.2222, 10, 18.3333, 20, 
16.6667, 19.4444, 17.7778, 15.5556, 17.7778, 19.4444, 23.8889, 
14.4444, 12.2222, 15, 16.6667, 18.3333, 16.6667, 12.2222, 15.5556, 
11.1111, 16.1111, 15.5556, 16.6667, 13.8889, 13.3333, 11.6667, 
16.6667, 14.4444, 15.5556, 16.6667, 17.2222, 21.1111, 12.7778, 
15, 15, 17.7778, 19.4444, 10.5556, 20.5556, 17.7778, 23.3333, 
13.8889, 10, 12.7778, 20, 17.7778, 17.7778, 16.6667, 16.1111, 
15.5556, 17.2222), TMN0 = c(-22.2222, -22.2222, -20, -22.2222, 
-17.7778, -13.8889, -21.6667, -28.3333, -26.1111, -22.2222, -17.7778, 
-26.1111, -19.4444, -17.7778, -20, -23.8889, -28.8889, -18.8889, 
-20, -18.3333, -16.6667, -26.6667, -20.5556, -20.5556, -22.7778, 
-23.3333, -14.4444, -24.4444, -21.1111, -20, -26.6667, -22.2222, 
-19.4444, -28.8889, -23.8889, -26.1111, -21.1111, -21.6667, -21.6667, 
-23.3333, -28.3333, -18.3333, -23.3333, -24.4444, -21.1111, -18.8889, 
-20.5556, -19.4444, -22.7778, -23.3333, -23.3333, -25.5556, -20.5556, 
-28.3333, -25.5556, -18.8889, -25, -22.7778, -17.7778, -23.3333, 
-22.7778, -18.8889, -25, -18.3333, -18.3333, -19.4444, -28.3333, 
-20), PrecVar1 = c(2.4384, 2.794, 1.83727, 1.58609, 2.09691, 
2.07387, 1.79776, 2.13078, 2.33218, 2.07387, 3.76202, 2.08562, 
3.00519, 1.90928, 1.77236, 2.02353, 3.04518, 1.11927, 3.21451, 
2.48805, 1.96991, 2.8889, 3.75638, 2.46662, 3.68018, 2.10178, 
3.00002, 2.27173, 2.19287, 1.84499, 1.89089, 4.51556, 0.99342, 
2.53436, 2.73978, 2.55693, 2.74934, 2.41582, 2.05458, 2.05176, 
1.91477, 1.82598, 2.65853, 2.92664, 2.64048, 3.17782, 4.27567, 
3.9116, 2.72422, 1.89653, 3.85798, 4.5212, 0.8876, 2.04329, 2.74884, 
2.35656, 3.58391, 1.92193, 3.35844, 2.33962, 2.18831, 1.15429, 
2.5654, 2.97744, 1.91756, 3.26813, 3.49109, 2.39607), PrecVar2 = c(40.64, 
63.5, 36.83, 38.1, 27.94, 31.75, 33.02, 36.322, 34.036, 43.18, 
48.26, 33.02, 33.02, 44.704, 34.29, 38.1, 48.768, 20.32, 38.1, 
63.5, 25.4, 45.72, 72.39, 24.384, 45.974, 26.67, 48.26, 45.72, 
25.908, 17.78, 21.59, 49.784, 10.668, 46.99, 34.29, 25.4, 34.29, 
30.48, 31.75, 25.654, 29.972, 22.352, 38.608, 35.56, 31.242, 
28.194, 77.978, 45.72, 37.084, 44.196, 40.386, 47.752, 17.78, 
39.624, 38.608, 36.576, 44.958, 36.83, 48.768, 27.178, 28.702, 
22.606, 26.67, 54.61, 34.29, 46.228, 43.688, 24.13), PrecVar3 = c(0.32222, 
0.24444, 0.23333, 0.25556, 0.27778, 0.32967, 0.28889, 0.23333, 
0.30682, 0.24176, 0.4, 0.26667, 0.34831, 0.22472, 0.28889, 0.24444, 
0.37778, 0.18681, 0.33333, 0.28409, 0.23333, 0.28571, 0.32222, 
0.33333, 0.32222, 0.31868, 0.26667, 0.25843, 0.24444, 0.30769, 
0.26667, 0.27778, 0.17778, 0.24444, 0.35955, 0.31111, 0.31868, 
0.41111, 0.26667, 0.36667, 0.32967, 0.28889, 0.34444, 0.34444, 
0.37363, 0.38889, 0.43333, 0.44444, 0.41758, 0.26667, 0.34444, 
0.44444, 0.18681, 0.35556, 0.36667, 0.32222, 0.40659, 0.31111, 
0.36667, 0.32222, 0.2967, 0.27778, 0.35556, 0.34444, 0.38462, 
0.34444, 0.4, 0.36667), PrecVar4 = c(7.5674, 11.43, 7.874, 6.2064, 
7.5489, 6.2907, 6.223, 9.1319, 7.6012, 8.5783, 9.4051, 7.8211, 
8.6278, 8.4963, 6.1351, 8.2781, 8.0608, 5.9914, 9.6435, 8.7579, 
8.4425, 10.1112, 11.6577, 7.3999, 11.4212, 6.5952, 11.2501, 8.7906, 
8.9708, 5.9962, 7.0908, 16.256, 5.588, 10.3678, 7.62, 8.2187, 
8.6272, 5.8763, 7.7047, 5.5957, 5.8081, 6.3207, 7.7183, 8.4967, 
7.0672, 8.1715, 9.8669, 8.8011, 6.5238, 7.112, 11.2006, 10.1727, 
4.7513, 5.7468, 7.4968, 7.3134, 8.8145, 6.1776, 9.1594, 7.2609, 
7.3754, 4.1554, 7.2152, 8.6442, 4.9857, 9.4881, 8.7277, 6.5347
), PrecVar5 = c(10.1451, 15.5311, 10.2242, 9.182, 7.5916, 7.317, 
7.9726, 9.2169, 9.859, 11.0115, 10.7213, 10.3961, 9.8959, 12.5852, 
8.4596, 9.6805, 10.31, 6.5445, 9.978, 12.432, 6.7546, 9.6662, 
14.8007, 6.9165, 14.0047, 7.9808, 12.086, 10.014, 8.3117, 4.6643, 
5.8422, 14.6656, 3.4715, 12.0275, 8.2669, 7.7528, 9.1861, 6.8849, 
9.1565, 7.7518, 7.4118, 6.3002, 10.8405, 9.2587, 9.2178, 8.4045, 
14.3598, 11.9827, 8.7707, 11.9388, 10.4353, 13.1343, 5.075, 10.4007, 
9.266, 10.2796, 10.8868, 8.5383, 8.8502, 7.5582, 7.2763, 4.9219, 
7.3179, 10.7017, 6.6917, 11.135, 10.5656, 7.8963), MDTR = c(9.9321, 
10.3148, 10.2963, 10.2469, 10.3827, 9.42, 10.9938, 10.8519, 9.8086, 
9.0965, 9.4074, 8.9877, 9.2469, 8.9568, 9.1667, 9.6296, 9.6481, 
10.8913, 9.9506, 9.8086, 10.4198, 10.9463, 10.206, 9.5275, 9.9198, 
10.4753, 10.568, 10.6543, 9.4383, 8.9438, 9.9506, 8.5705, 10.4074, 
12.5094, 9.8827, 11.7654, 10.6593, 10.3889, 9.963, 10.358, 10.2076, 
8.7963, 10.1235, 9.4877, 9.6093, 9.5123, 10.1049, 9.2284, 11.1233, 
11.1438, 10.7778, 10.0499, 10.5372, 12.3148, 10.037, 9.8951, 
9.2674, 10.2716, 8.8704, 9.358, 9.8107, 10.037, 9.6914, 10.3827, 
9.0904, 9.1235, 10.5556, 9.7901),