"PORTw" <-
structure(list(Year = c(1927, 1928, 1929, 1930, 1931, 1932, 1933, 
1934, 1935, 1936, 1937, 1938, 1939, 1940, 1941, 1942, 1943, 1944, 
1945, 1946, 1947, 1948, 1949, 1950, 1951, 1952, 1953, 1954, 1955, 
1956, 1957, 1958, 1959, 1961, 1962, 1963, 1964, 1965, 1966, 1967, 
1968, 1969, 1970, 1971, 1972, 1973, 1974, 1975, 1976, 1977, 1978, 
1979, 1980, 1981, 1982, 1983, 1984, 1985, 1986, 1987, 1988, 1989, 
1990, 1991, 1992, 1993, 1994, 1995), MTMAX = c(1.99383, 3.35802, 
3.81481, 3.40741, 2.76543, 6.20879, 5.14815, 0.87654, 1.79012, 
-0.3602, 5.20988, 2.58642, 3.25926, 1.42593, 2.52469, 2.7963, 
2.2284, 3.31502, 1.17901, 2.11728, 4.12963, 1.35531, 5.75309, 
4.3633, 3.5, 4.27778, 5.10612, 5.35185, 2.90123, 2.24054, 3.6358, 
2.65432, 1.73457, 1.74074, 2.11728, 1.2037, 2.00855, 2.2716, 
3.1358, 3.32099, 1.52625, 1.53704, 0.55556, 1.2284, 3.38828, 
3.82099, 3.54938, 4.26543, 3.56532, 0.73856, 0.62963, 1.17901, 
3.40659, 2.94444, 1, 4.60494, 2.6801, 4.0679, 1.32716, 2.7037, 
2.66789, 4.17284, 3.22222, 5.48148, 4.52991, 2.82716, 0.7284, 
4.53704), MTMIN = c(-7.9383, -6.9568, -6.4815, -6.8395, -7.6173, 
-3.2112, -5.8457, -9.9753, -8.0185, -9.4567, -4.1975, -6.4012, 
-5.9877, -7.5309, -6.642, -6.8333, -7.4198, -7.5763, -8.7716, 
-7.6914, -6.2901, -9.591, -4.4195, -5.202, -6.4198, -6.1975, 
-5.5247, -5.3025, -6.537, -6.7033, -6.3148, -5.8302, -8.6728, 
-10.6679, -7.7654, -10.5617, -8.6508, -8.1173, -6.8272, -7.037, 
-8.6813, -7.2593, -9.5679, -8.2593, -6.221, -5.6914, -6.5556, 
-4.963, -7.558, -10.3889, -10.1481, -8.8202, -7.1306, -9.3704, 
-9.037, -5.2901, -6.5873, -6.2037, -7.5432, -6.6543, -7.1429, 
-5.8642, -6.4691, -4.9012, -4.5604, -6.2963, -9.8272, -5.2531
), STDTMAX = c(4.93324, 4.85031, 5.00672, 6.44029, 3.89911, 4.68602, 
6.18797, 6.33101, 5.20743, 5.33473, 3.91385, 4.70164, 5.14676, 
4.46162, 3.78647, 5.21653, 5.30097, 4.2208, 4.15225, 4.68519, 
5.56619, 4.7251, 5.09673, 4.84579, 5.08933, 4.70996, 4.20344, 
6.2096, 4.72857, 4.0057, 5.24749, 5.35388, 4.82013, 6.07908, 
4.18723, 5.04265, 4.20886, 5.05048, 4.3747, 5.25661, 5.28839, 
3.97405, 4.86465, 5.44363, 4.99249, 4.9346, 6.07137, 3.83983, 
6.86489, 5.17151, 4.34278, 5.92576, 5.08313, 7.33937, 4.65273, 
5.95344, 5.59406, 6.62169, 4.46522, 3.67307, 4.99329, 5.1062, 
6.19212, 5.19104, 4.93436, 4.00673, 6.53355, 5.4562), STDMIN = c(5.52504, 
5.76282, 5.3689, 6.9247, 5.09396, 4.56308, 5.70172, 7.64553, 
7.31315, 7.36002, 4.66086, 5.05499, 6.19804, 6.07332, 5.63607, 
6.45548, 6.38845, 5.44112, 6.18948, 5.81892, 4.88729, 6.82268, 
5.3431, 6.71501, 5.8083, 6.24882, 4.28017, 6.09899, 5.46623, 
5.383, 6.46085, 6.29383, 4.91479, 7.84655, 5.75303, 6.57843, 
5.46352, 6.36745, 5.83459, 5.68086, 7.00756, 5.11879, 5.94209, 
6.41006, 5.7665, 5.75263, 5.42365, 4.90639, 6.15354, 5.81984, 
5.77398, 6.46627, 5.29271, 8.19938, 6.6222, 6.39762, 7.10521, 
5.99177, 5.58294, 5.68085, 6.41691, 4.73688, 6.31474, 5.22591, 
5.83584, 5.49846, 7.25296, 6.35189), TMX1 = c(12.7778, 15, 17.2222, 
23.8889, 13.3333, 21.6667, 18.3333, 13.8889, 17.2222, 12.7778, 
17.7778, 14.4444, 18.8889, 13.3333, 18.8889, 16.1111, 16.6667, 
17.2222, 10, 18.3333, 20, 16.6667, 19.4444, 17.7778, 15.5556, 
17.7778, 19.4444, 23.8889, 14.4444, 12.2222, 15, 16.6667, 18.3333, 
16.6667, 12.2222, 15.5556, 11.1111, 16.1111, 15.5556, 16.6667, 
13.8889, 13.3333, 11.6667, 16.6667, 14.4444, 15.5556, 16.6667, 
17.2222, 21.1111, 12.7778, 15, 15, 17.7778, 19.4444, 10.5556, 
20.5556, 17.7778, 23.3333, 13.8889, 10, 12.7778, 20, 17.7778, 
17.7778, 16.6667, 16.1111, 15.5556, 17.2222), TMN0 = c(-22.2222, 
-22.2222, -20, -22.2222, -17.7778, -13.8889, -21.6667, -28.3333, 
-26.1111, -22.2222, -17.7778, -26.1111, -19.4444, -17.7778, -20, 
-23.8889, -28.8889, -18.8889, -20, -18.3333, -16.6667, -26.6667, 
-20.5556, -20.5556, -22.7778, -23.3333, -14.4444, -24.4444, -21.1111, 
-20, -26.6667, -22.2222, -19.4444, -28.8889, -23.8889, -26.1111, 
-21.1111, -21.6667, -21.6667, -23.3333, -28.3333, -18.3333, -23.3333, 
-24.4444, -21.1111, -18.8889, -20.5556, -19.4444, -22.7778, -23.3333, 
-23.3333, -25.5556, -20.5556, -28.3333, -25.5556, -18.8889, -25, 
-22.7778, -17.7778, -23.3333, -22.7778, -18.8889, -25, -18.3333, 
-18.3333, -19.4444, -28.3333, -20), MDTR = c(9.9321, 10.3148, 
10.2963, 10.2469, 10.3827, 9.42, 10.9938, 10.8519, 9.8086, 9.0965, 
9.4074, 8.9877, 9.2469, 8.9568, 9.1667, 9.6296, 9.6481, 10.8913, 
9.9506, 9.8086, 10.4198, 10.9463, 10.206, 9.5275, 9.9198, 10.4753, 
10.568, 10.6543, 9.4383, 8.9438, 9.9506, 8.5705, 10.4074, 12.5094, 
9.8827, 11.7654, 10.6593, 10.3889, 9.963, 10.358, 10.2076, 8.7963, 
10.1235, 9.4877, 9.6093, 9.5123, 10.1049, 9.2284, 11.1233, 11.1438, 
10.7778, 10.0499, 10.5372, 12.3148, 10.037, 9.8951, 9.2674, 10.2716, 
8.8704, 9.358, 9.8107, 10.037, 9.6914, 10.3827, 9.0904, 9.1235, 
10.5556, 9.7901), AOindex = c(0.12931, 0.67006, -1.25931, 0.74026, 
-0.67714, 1.20636, -0.03696, 0.9481, 0.71711, -2.61315, 1.3027, 
-0.2464, 0.04351, -1.50197, -1.04563, -0.61855, 0.67054, 0.77755, 
-1.5681, -0.84968, -1.88483, -0.022, 1.59912, 0.09742, -0.50204, 
0.3827, -0.53099, 0.7289, -0.57961, -1.02715, 0.344, -0.51696, 
0.0413, 0.12069, 0.22286, -1.04612, 0.30159, -0.68624, -1.13925, 
0.07399, -0.72126, -2.18756, -1.38675, -0.36334, 0.40168, 1.44478, 
-0.04324, 0.91017, 1.36617, -2.37245, -0.63281, -1.04064, -0.12525, 
0.31745, -0.03324, 0.70636, 0.51237, -1.02534, -1.27902, -0.28869, 
-0.13407, 2.90473, 1.33421, 0.79263, 1.82478, 2.25177, -0.17221, 
1.09526)), .Names = c("Year", "MTMAX", "MTMIN", "STDTMAX", "STDMIN", 
"TMX1", "TMN0", "MDTR", "AOindex"), row.names = c("1", "2", "3", 
"4", "5", "6", "7", "8", "9", "10", "11", "12", "13", "14", "15", 
"16", "17", "18", "19", "20", "21", "22", "23", "24", "25", "26", 
"27", "28", "29", "30", "31", "32", "33", "34", "35", "36", "37", 
"38", "39", "40", "41", "42", "43", "44", "45", "46", "47", "48", 
"49", "50", "51", "52", "53", "54", "55", "56", "57", "58", "59", 
"60", "61", "62", "63", "64", "65", "66", "67", "68"), class = "data.frame")
