"Potomac" <-
structure(list(Year = c(1895, 1896, 1897, 1898, 1899, 1900, 1901, 
1902, 1903, 1904, 1905, 1906, 1907, 1908, 1909, 1910, 1911, 1912, 
1913, 1914, 1915, 1916, 1917, 1918, 1919, 1920, 1921, 1922, 1923, 
1924, 1925, 1926, 1927, 1928, 1929, 1930, 1931, 1932, 1933, 1934, 
1935, 1936, 1937, 1938, 1939, 1940, 1941, 1942, 1943, 1944, 1945, 
1946, 1947, 1948, 1949, 1950, 1951, 1952, 1952, 1954, 1955, 1956, 
1957, 1958, 1959, 1960, 1961, 1962, 1963, 1964, 1965, 1966, 1967, 
1968, 1969, 1970, 1971, 1972, 1973, 1974, 1975, 1976, 1977, 1978, 
1979, 1980, 1981, 1982, 1983, 1984, 1985, 1986, 1987, 1988, 1989, 
1990, 1991, 1992, 1993, 1994, 1995, 1996, 1997, 1998, 1999, 2000
), Flow = c(68500, 56000, 204000, 127000, 128000, 57700, 161000, 
219000, 110000, 44500, 71400, 81300, 119000, 152000, 83000, 168000, 
106000, 95400, 139000, 73900, 139000, 124000, 123000, 127000, 
80500, 109000, 88800, 78800, 40700, 277000, 89000, 60500, 89900, 
145000, 180000, 110000, 36800, 158000, 123000, 36700, 128000, 
480000, 310000, 175000, 124000, 93600, 69000, 125000, 418000, 
70300, 139000, 53100, 42100, 87000, 132000, 64700, 128000, 127000, 
118000, 109000, 214000, 60800, 69200, 72000, 55700, 124000, 102000, 
116000, 125000, 87000, 97800, 71300, 144000, 76800, 27800, 92100, 
86400, 347000, 106000, 132000, 181000, 109000, 193000, 139000, 
178000, 69500, 41900, 92000, 115000, 199000, 84700, 309000, 153000, 
96100, 80900, 39800, 85000, 90000, 167000, 115000, 87200, 310000, 
85200, 123000, 40600, 61600)), .Names = c("Year", "Flow"), class = "data.frame", row.names = c("1", 
"2", "3", "4", "5", "6", "7", "8", "9", "10", "11", "12", "13", 
"14", "15", "16", "17", "18", "19", "20", "21", "22", "23", "24", 
"25", "26", "27", "28", "29", "30", "31", "32", "33", "34", "35", 
"36", "37", "38", "39", "40", "41", "42", "43", "44", "45", "46", 
"47", "48", "49", "50", "51", "52", "53", "54", "55", "56", "57", 
"58", "59", "60", "61", "62", "63", "64", "65", "66", "67", "68", 
"69", "70", "71", "72", "73", "74", "75", "76", "77", "78", "79", 
"80", "81", "82", "83", "84", "85", "86", "87", "88", "89", "90", 
"91", "92", "93", "94", "95", "96", "97", "98", "99", "100", 
"101", "102", "103", "104", "105", "106"))
