"Rsum" <-
structure(list(Year = c(1925, 1926, 1927, 1928, 1929, 1930, 1931, 
1932, 1933, 1934, 1935, 1936, 1937, 1938, 1939, 1940, 1941, 1942, 
1943, 1944, 1945, 1946, 1947, 1948, 1949, 1950, 1951, 1952, 1953, 
1954, 1955, 1956, 1957, 1958, 1959, 1960, 1961, 1962, 1963, 1964, 
1965, 1966, 1967, 1968, 1969, 1970, 1971, 1972, 1973, 1974, 1975, 
1976, 1977, 1978, 1979, 1980, 1981, 1982, 1983, 1984, 1985, 1986, 
1987, 1988, 1989, 1990, 1991, 1992, 1993, 1994, 1995), EN = c(1, 
0, 0, 0, 1, 1, 0, 0, -1, 0, 0, 0, 0, -1, 0, 1, 1, -1, 0, -1, 
-1, 0, 0, -1, -1, -1, 1, 0, 1, -1, -1, -1, 1, 0, 0, 0, -1, 0, 
1, -1, 1, 0, -1, 0, 1, -1, -1, 1, -1, -1, -1, 1, 1, -1, 0, 0, 
0, 1, 0, 0, 0, 1, 1, -1, 0, 1, 1, 0, 1, 1, -1), Ct = c(0, 3, 
0, 1, 2, 0, 0, 1, 4, 3, 2, 2, 0, 1, 0, 2, 2, 2, 1, 3, 2, 2, 5, 
3, 2, 2, 1, 1, 1, 3, 3, 1, 2, 0, 4, 4, 2, 1, 1, 5, 2, 2, 1, 3, 
1, 1, 4, 2, 1, 2, 1, 1, 1, 1, 5, 1, 1, 1, 1, 1, 5, 0, 1, 1, 4, 
1, 1, 1, 2, 3, 3), TDam = c(0, 74385, 0, 13795, 135, 0, 0, 1814, 
3468, 367, 3172, 95, 0, 16629, 0, 511, 999, 1168, 1512, 23493, 
7060, 2243, 10775, 1691, 6174, 2807, 182, 63, 23, 17520, 13193, 
349, 2444, 0, 446, 12208, 7163, 33, 149, 7051, 12698, 166, 2050, 
320, 10965, 3338, 1212, 10719, 95, 715, 1757, 307, 33, 76, 8638, 
865, 78, 24, 4056, 128, 6522, 0, 11, 75, 10304, 74, 1714, 33094, 
64, 1031, 3726)), .Names = c("Year", "EN", "Ct", "TDam"), class = "data.frame", row.names = c("1", 
"2", "3", "4", "5", "6", "7", "8", "9", "10", "11", "12", "13", 
"14", "15", "16", "17", "18", "19", "20", "21", "22", "23", "24", 
"25", "26", "27", "28", "29", "30", "31", "32", "33", "34", "35", 
"36", "37", "38", "39", "40", "41", "42", "43", "44", "45", "46", 
"47", "48", "49", "50", "51", "52", "53", "54", "55", "56", "57", 
"58", "59", "60", "61", "62", "63", "64", "65", "66", "67", "68", 
"69", "70", "71"))
