"SEPTsp" <-
structure(list(Year = c(1945, 1946, 1947, 1948, 1949, 1950, 1951, 
1952, 1953, 1954, 1955, 1956, 1957, 1958, 1959, 1960, 1961, 1962, 
1963, 1964, 1965, 1966, 1967, 1968, 1969, 1970, 1971, 1972, 1973, 
1974, 1975, 1976, 1977, 1978, 1979, 1980, 1981, 1982, 1983, 1984, 
1985, 1986, 1987, 1988, 1989, 1990, 1991, 1992, 1993, 1994, 1995
), MTMAX = c(4.68152, 4.77143, 2.90217, 2.37065, 3.58152, 4.12283, 
5.89783, 5.82065, 5.42283, 3.68043, 4.375, 2.5413, 4.7663, 6.97826, 
3.68587, 4.47609, 4.94891, 5.95652, 4.13696, 4.13043, 4.78261, 
4.91087, 1.72609, 4.82283, 3.79239, 4.56848, 5.30761, 2.34674, 
3.52065, 1.75761, 4.08152, 2.60326, 5.45761, 3.1337, 5.8837, 
4.36739, 5.29457, 2.9837, 4.13804, 3.81413, 3.40543, 4.29891, 
5.9087, 4.98804, 4.06739, 3.22935, 4.6413, 3.30543, 3.42826, 
2.76739, 3.70543), MTMIN = c(-5.45978, -6.81957, -8.51413, -8.79457, 
-5.59674, -6.56522, -3.33696, -3.16413, -3.04674, -5.96739, -4.68152, 
-7.09891, -3.89022, -3.03261, -5.63696, -4.39891, -4.15652, -3.68043, 
-6.07391, -6.21957, -4.39348, -3.40435, -8.08152, -5.02609, -5.93261, 
-5.33804, -3.48043, -7.53261, -4.34022, -7.26522, -5.29674, -5.625, 
-3.71413, -5.94783, -1.82935, -4.25217, -2.4413, -6.13478, -3.03478, 
-5.16739, -6.175, -5.54457, -3.09239, -3.48913, -4.74348, -6.23261, 
-4.8663, -6.15978, -5.61304, -5.78152, -4.88152), STDTMAX = c(5.5697, 
5.82255, 4.3538, 7.1914, 5.74974, 8.5141, 5.68029, 5.79222, 6.60508, 
6.47318, 7.31713, 5.93829, 4.91513, 3.91104, 7.33808, 7.24506, 
7.13035, 5.10342, 7.64666, 7.1176, 5.86245, 4.85797, 6.61425, 
7.79341, 5.80642, 5.92243, 5.83857, 7.89152, 5.35571, 6.58499, 
6.3816, 7.174, 6.68814, 6.89573, 6.46839, 6.15494, 4.92054, 6.92034, 
5.32698, 7.01021, 6.7272, 7.7826, 6.58826, 6.91079, 7.33928, 
6.24045, 6.44466, 7.93755, 6.86578, 6.4981, 6.95217), STDMIN = c(9.1955, 
8.0061, 7.0699, 10.2808, 7.4677, 8.7548, 7.2601, 5.9244, 7.8255, 
8.1399, 8.0017, 7.8054, 5.3096, 4.4567, 7.6126, 7.5442, 8.043, 
4.9442, 8.446, 7.4683, 6.1125, 4.9957, 8.9636, 8.1589, 6.8259, 
6.3626, 6.3018, 8.6792, 7.3261, 8.5428, 7.3975, 8.7578, 6.0806, 
8.6759, 6.9795, 7.5511, 4.9661, 7.4492, 5.835, 8.0671, 8.1478, 
8.9734, 6.7644, 7.2862, 9.0509, 8.3447, 6.1813, 8.1312, 8.8816, 
7.7098, 8.1342), TMX1 = c(16.7, 18.3, 12.8, 18.3, 16.7, 23.9, 
22.8, 22.2, 16.7, 16.7, 22.2, 16.1, 20, 15.6, 28.3, 26.1, 23.3, 
21.1, 20, 25.6, 18.3, 17.2, 14.4, 24.4, 20, 23.9, 21.1, 25.6, 
16.1, 13.9, 17.8, 16.7, 26.2, 16.8, 20, 19.5, 19.1, 22, 18.3, 
16.9, 17, 20.8, 19.4, 21.8, 20.8, 15.5, 21.2, 22.6, 17.8, 16.8, 
16.6), TMN0 = c(-31.7, -31.1, -23.3, -31.7, -25, -25.6, -26.1, 
-20, -26.7, -26.7, -27.8, -27.8, -19.4, -12.8, -23.3, -23.3, 
-27.8, -15, -28.3, -22.2, -21.1, -16.7, -26.7, -27.8, -20.6, 
-22.2, -17.2, -31.1, -26.1, -31.7, -22.8, -26.1, -19.6, -24.4, 
-25.3, -22.1, -17, -27.2, -18.3, -28.8, -27.2, -30.5, -22.8, 
-22.6, -25.1, -30.6, -20.7, -29.5, -28.8, -27.5, -31.6), MDTR = c(10.1413, 
11.6176, 11.4163, 11.1652, 9.1783, 10.688, 9.2348, 8.9848, 8.4696, 
9.6478, 9.0565, 9.6402, 8.6565, 10.0109, 9.3228, 8.875, 9.1054, 
9.637, 10.2109, 10.35, 9.1761, 8.3152, 9.8076, 9.8489, 9.725, 
9.9065, 8.788, 9.8793, 7.8609, 9.0228, 9.3783, 8.2283, 9.1717, 
9.0815, 7.713, 8.6196, 7.7359, 9.1185, 7.1728, 8.9815, 9.5804, 
9.8435, 9.0011, 8.4772, 8.8109, 9.462, 9.5076, 9.4652, 9.0413, 
8.5489, 8.587), AOindex = c(0.50059, 0.16131, 0.45474, 1.93607, 
0.50178, 0.51847, -1.67905, -1.05622, 0.08237, -0.20825, -0.85189, 
0.74552, -1.12398, -1.57016, 0.92899, -1.40021, 0.2742, -0.87021, 
0.90306, 0.6566, -0.05741, -0.99422, 1.93755, 1.203, -0.71948, 
-0.87439, -0.41297, 0.45627, -0.3701, -0.19189, -0.06146, 0.49097, 
0.86575, -0.18415, -1.31613, -1.45682, -0.22607, 1.09088, -0.77471, 
-0.92737, 0.26367, 1.32092, -0.43765, -0.82116, 1.03002, 3.34758, 
0.48828, 1.10757, -0.17392, 1.10918, -0.59176)), .Names = c("Year", 
"MTMAX", "MTMIN", "STDTMAX", "STDMIN", "TMX1", "TMN0", "MDTR", 
"AOindex"), row.names = c("1", "2", "3", "4", "5", "6", "7", 
"8", "9", "10", "11", "12", "13", "14", "15", "16", "17", "18", 
"19", "20", "21", "22", "23", "24", "25", "26", "27", "28", "29", 
"30", "31", "32", "33", "34", "35", "36", "37", "38", "39", "40", 
"41", "42", "43", "44", "45", "46", "47", "48", "49", "50", "51"
), class = "data.frame")
